,CountryID,Year,Population
0,ABW,2021,109271
1,ABW,2022,110331
2,ABW,2023,111392
3,ABW,2024,112452
4,ABW,2025,113513
5,ABW,2026,114573
6,ABW,2027,115633
7,ABW,2028,116694
8,ABW,2029,117754
9,ABW,2030,118815
10,AFG,2021,33298046
11,AFG,2022,33777976
12,AFG,2023,34257907
13,AFG,2024,34737838
14,AFG,2025,35217768
15,AFG,2026,35697699
16,AFG,2027,36177629
17,AFG,2028,36657560
18,AFG,2029,37137491
19,AFG,2030,37617421
20,AGO,2021,27703838
21,AGO,2022,28147348
22,AGO,2023,28590858
23,AGO,2024,29034368
24,AGO,2025,29477879
25,AGO,2026,29921389
26,AGO,2027,30364899
27,AGO,2028,30808409
28,AGO,2029,31251919
29,AGO,2030,31695429
30,ALB,2021,3337913
31,ALB,2022,3357434
32,ALB,2023,3376956
33,ALB,2024,3396478
34,ALB,2025,3415999
35,ALB,2026,3435521
36,ALB,2027,3455043
37,ALB,2028,3474564
38,ALB,2029,3494086
39,ALB,2030,3513608
40,AND,2021,92396
41,AND,2022,93701
42,AND,2023,95007
43,AND,2024,96312
44,AND,2025,97618
45,AND,2026,98923
46,AND,2027,100229
47,AND,2028,101534
48,AND,2029,102840
49,AND,2030,104145
50,ARE,2021,8482222
51,ARE,2022,8655951
52,ARE,2023,8829679
53,ARE,2024,9003408
54,ARE,2025,9177137
55,ARE,2026,9350866
56,ARE,2027,9524595
57,ARE,2028,9698324
58,ARE,2029,9872053
59,ARE,2030,10045782
60,ARG,2021,45650904
61,ARG,2022,46075217
62,ARG,2023,46499531
63,ARG,2024,46923844
64,ARG,2025,47348158
65,ARG,2026,47772471
66,ARG,2027,48196785
67,ARG,2028,48621098
68,ARG,2029,49045412
69,ARG,2030,49469726
70,ARM,2021,3267984
71,ARM,2022,3278529
72,ARM,2023,3289074
73,ARM,2024,3299619
74,ARM,2025,3310164
75,ARM,2026,3320709
76,ARM,2027,3331254
77,ARM,2028,3341799
78,ARM,2029,3352344
79,ARM,2030,3362889
80,ASM,2021,66192
81,ASM,2022,66926
82,ASM,2023,67660
83,ASM,2024,68394
84,ASM,2025,69128
85,ASM,2026,69862
86,ASM,2027,70596
87,ASM,2028,71330
88,ASM,2029,72064
89,ASM,2030,72798
90,ATG,2021,92177
91,ATG,2022,92858
92,ATG,2023,93539
93,ATG,2024,94220
94,ATG,2025,94900
95,ATG,2026,95581
96,ATG,2027,96262
97,ATG,2028,96942
98,ATG,2029,97623
99,ATG,2030,98304
100,AUS,2021,24741970
101,AUS,2022,24984944
102,AUS,2023,25227918
103,AUS,2024,25470891
104,AUS,2025,25713865
105,AUS,2026,25956838
106,AUS,2027,26199812
107,AUS,2028,26442785
108,AUS,2029,26685759
109,AUS,2030,26928732
110,AUT,2021,8673049
111,AUT,2022,8699591
112,AUT,2023,8726134
113,AUT,2024,8752677
114,AUT,2025,8779220
115,AUT,2026,8805763
116,AUT,2027,8832306
117,AUT,2028,8858849
118,AUT,2029,8885392
119,AUT,2030,8911935
120,AZE,2021,10167184
121,AZE,2022,10265881
122,AZE,2023,10364577
123,AZE,2024,10463274
124,AZE,2025,10561970
125,AZE,2026,10660667
126,AZE,2027,10759363
127,AZE,2028,10858060
128,AZE,2029,10956757
129,AZE,2030,11055453
130,BDI,2021,10115089
131,BDI,2022,10252904
132,BDI,2023,10390720
133,BDI,2024,10528535
134,BDI,2025,10666351
135,BDI,2026,10804166
136,BDI,2027,10941982
137,BDI,2028,11079797
138,BDI,2029,11217613
139,BDI,2030,11355428
140,BEL,2021,11196609
141,BEL,2022,11230135
142,BEL,2023,11263661
143,BEL,2024,11297187
144,BEL,2025,11330713
145,BEL,2026,11364239
146,BEL,2027,11397764
147,BEL,2028,11431290
148,BEL,2029,11464816
149,BEL,2030,11498342
150,BEN,2021,10738774
151,BEN,2022,10899483
152,BEN,2023,11060192
153,BEN,2024,11220901
154,BEN,2025,11381610
155,BEN,2026,11542319
156,BEN,2027,11703028
157,BEN,2028,11863737
158,BEN,2029,12024446
159,BEN,2030,12185155
160,BFA,2021,18103362
161,BFA,2022,18361656
162,BFA,2023,18619950
163,BFA,2024,18878245
164,BFA,2025,19136539
165,BFA,2026,19394834
166,BFA,2027,19653128
167,BFA,2028,19911422
168,BFA,2029,20169717
169,BFA,2030,20428011
170,BGD,2021,169084527
171,BGD,2022,171167618
172,BGD,2023,173250709
173,BGD,2024,175333800
174,BGD,2025,177416891
175,BGD,2026,179499981
176,BGD,2027,181583072
177,BGD,2028,183666163
178,BGD,2029,185749254
179,BGD,2030,187832345
180,BGR,2021,7412448
181,BGR,2022,7386692
182,BGR,2023,7360936
183,BGR,2024,7335180
184,BGR,2025,7309425
185,BGR,2026,7283669
186,BGR,2027,7257913
187,BGR,2028,7232157
188,BGR,2029,7206401
189,BGR,2030,7180645
190,BHR,2021,1367158
191,BHR,2022,1391040
192,BHR,2023,1414922
193,BHR,2024,1438803
194,BHR,2025,1462685
195,BHR,2026,1486567
196,BHR,2027,1510449
197,BHR,2028,1534331
198,BHR,2029,1558213
199,BHR,2030,1582094
200,BHS,2021,400548
201,BHS,2022,405180
202,BHS,2023,409812
203,BHS,2024,414444
204,BHS,2025,419077
205,BHS,2026,423709
206,BHS,2027,428341
207,BHS,2028,432973
208,BHS,2029,437605
209,BHS,2030,442237
210,BIH,2021,3708125
211,BIH,2022,3703147
212,BIH,2023,3698169
213,BIH,2024,3693191
214,BIH,2025,3688213
215,BIH,2026,3683235
216,BIH,2027,3678257
217,BIH,2028,3673278
218,BIH,2029,3668300
219,BIH,2030,3663322
220,BLR,2021,10022395
221,BLR,2022,10037198
222,BLR,2023,10052001
223,BLR,2024,10066804
224,BLR,2025,10081606
225,BLR,2026,10096409
226,BLR,2027,10111212
227,BLR,2028,10126015
228,BLR,2029,10140818
229,BLR,2030,10155621
230,BLZ,2021,367481
231,BLZ,2022,372583
232,BLZ,2023,377686
233,BLZ,2024,382788
234,BLZ,2025,387891
235,BLZ,2026,392993
236,BLZ,2027,398095
237,BLZ,2028,403198
238,BLZ,2029,408300
239,BLZ,2030,413402
240,BMU,2021,67482
241,BMU,2022,67780
242,BMU,2023,68079
243,BMU,2024,68378
244,BMU,2025,68676
245,BMU,2026,68975
246,BMU,2027,69273
247,BMU,2028,69572
248,BMU,2029,69870
249,BMU,2030,70169
250,BOL,2021,11435113
251,BOL,2022,11573324
252,BOL,2023,11711535
253,BOL,2024,11849745
254,BOL,2025,11987956
255,BOL,2026,12126167
256,BOL,2027,12264378
257,BOL,2028,12402589
258,BOL,2029,12540799
259,BOL,2030,12679010
260,BRA,2021,222937392
261,BRA,2022,225404974
262,BRA,2023,227872556
263,BRA,2024,230340138
264,BRA,2025,232807720
265,BRA,2026,235275301
266,BRA,2027,237742883
267,BRA,2028,240210465
268,BRA,2029,242678047
269,BRA,2030,245145629
270,BRB,2021,291960
271,BRB,2022,292963
272,BRB,2023,293965
273,BRB,2024,294968
274,BRB,2025,295971
275,BRB,2026,296973
276,BRB,2027,297976
277,BRB,2028,298979
278,BRB,2029,299981
279,BRB,2030,300984
280,BRN,2021,457968
281,BRN,2022,464335
282,BRN,2023,470702
283,BRN,2024,477068
284,BRN,2025,483435
285,BRN,2026,489801
286,BRN,2027,496168
287,BRN,2028,502535
288,BRN,2029,508901
289,BRN,2030,515268
290,BTN,2021,792648
291,BTN,2022,802108
292,BTN,2023,811567
293,BTN,2024,821026
294,BTN,2025,830485
295,BTN,2026,839944
296,BTN,2027,849403
297,BTN,2028,858863
298,BTN,2029,868322
299,BTN,2030,877781
300,BWA,2021,2318632
301,BWA,2022,2351537
302,BWA,2023,2384442
303,BWA,2024,2417347
304,BWA,2025,2450252
305,BWA,2026,2483157
306,BWA,2027,2516062
307,BWA,2028,2548967
308,BWA,2029,2581873
309,BWA,2030,2614778
310,CAF,2021,4880988
311,CAF,2022,4942135
312,CAF,2023,5003283
313,CAF,2024,5064430
314,CAF,2025,5125578
315,CAF,2026,5186725
316,CAF,2027,5247873
317,CAF,2028,5309020
318,CAF,2029,5370168
319,CAF,2030,5431315
320,CAN,2021,37608884
321,CAN,2022,37929426
322,CAN,2023,38249968
323,CAN,2024,38570510
324,CAN,2025,38891052
325,CAN,2026,39211594
326,CAN,2027,39532136
327,CAN,2028,39852677
328,CAN,2029,40173219
329,CAN,2030,40493761
330,CHE,2021,8326979
331,CHE,2022,8373787
332,CHE,2023,8420596
333,CHE,2024,8467404
334,CHE,2025,8514213
335,CHE,2026,8561021
336,CHE,2027,8607830
337,CHE,2028,8654638
338,CHE,2029,8701446
339,CHE,2030,8748255
340,CHI,2021,170385
341,CHI,2022,171381
342,CHI,2023,172377
343,CHI,2024,173373
344,CHI,2025,174368
345,CHI,2026,175364
346,CHI,2027,176360
347,CHI,2028,177356
348,CHI,2029,178351
349,CHI,2030,179347
350,CHL,2021,19101956
351,CHL,2022,19285878
352,CHL,2023,19469799
353,CHL,2024,19653721
354,CHL,2025,19837642
355,CHL,2026,20021563
356,CHL,2027,20205485
357,CHL,2028,20389406
358,CHL,2029,20573328
359,CHL,2030,20757249
360,CHN,2021,1497886481
361,CHN,2022,1510895601
362,CHN,2023,1523904721
363,CHN,2024,1536913841
364,CHN,2025,1549922961
365,CHN,2026,1562932081
366,CHN,2027,1575941201
367,CHN,2028,1588950321
368,CHN,2029,1601959441
369,CHN,2030,1614968561
370,CIV,2021,24805748
371,CIV,2022,25195504
372,CIV,2023,25585260
373,CIV,2024,25975015
374,CIV,2025,26364771
375,CIV,2026,26754526
376,CIV,2027,27144282
377,CIV,2028,27534038
378,CIV,2029,27923793
379,CIV,2030,28313549
380,CMR,2021,23903697
381,CMR,2022,24256391
382,CMR,2023,24609085
383,CMR,2024,24961780
384,CMR,2025,25314474
385,CMR,2026,25667169
386,CMR,2027,26019863
387,CMR,2028,26372557
388,CMR,2029,26725252
389,CMR,2030,27077946
390,COD,2021,76533322
391,COD,2022,77700978
392,COD,2023,78868634
393,COD,2024,80036290
394,COD,2025,81203946
395,COD,2026,82371602
396,COD,2027,83539258
397,COD,2028,84706914
398,COD,2029,85874570
399,COD,2030,87042226
400,COG,2021,4942339
401,COG,2022,5016108
402,COG,2023,5089877
403,COG,2024,5163646
404,COG,2025,5237416
405,COG,2026,5311185
406,COG,2027,5384954
407,COG,2028,5458724
408,COG,2029,5532493
409,COG,2030,5606262
410,COL,2021,51617658
411,COL,2022,52209858
412,COL,2023,52802058
413,COL,2024,53394257
414,COL,2025,53986457
415,COL,2026,54578656
416,COL,2027,55170856
417,COL,2028,55763056
418,COL,2029,56355255
419,COL,2030,56947455
420,COM,2021,806397
421,COM,2022,817967
422,COM,2023,829537
423,COM,2024,841108
424,COM,2025,852678
425,COM,2026,864248
426,COM,2027,875818
427,COM,2028,887389
428,COM,2029,898959
429,COM,2030,910529
430,CPV,2021,550658
431,CPV,2022,556682
432,CPV,2023,562706
433,CPV,2024,568731
434,CPV,2025,574755
435,CPV,2026,580779
436,CPV,2027,586803
437,CPV,2028,592827
438,CPV,2029,598851
439,CPV,2030,604875
440,CRI,2021,5271294
441,CRI,2022,5338731
442,CRI,2023,5406168
443,CRI,2024,5473606
444,CRI,2025,5541043
445,CRI,2026,5608480
446,CRI,2027,5675917
447,CRI,2028,5743355
448,CRI,2029,5810792
449,CRI,2030,5878229
450,CUB,2021,12183102
451,CUB,2022,12248328
452,CUB,2023,12313554
453,CUB,2024,12378780
454,CUB,2025,12444006
455,CUB,2026,12509232
456,CUB,2027,12574458
457,CUB,2028,12639684
458,CUB,2029,12704910
459,CUB,2030,12770136
460,CUW,2021,151458
461,CUW,2022,151658
462,CUW,2023,151858
463,CUW,2024,152058
464,CUW,2025,152259
465,CUW,2026,152459
466,CUW,2027,152659
467,CUW,2028,152859
468,CUW,2029,153059
469,CUW,2030,153259
470,CYM,2021,65280
471,CYM,2022,66400
472,CYM,2023,67520
473,CYM,2024,68641
474,CYM,2025,69761
475,CYM,2026,70881
476,CYM,2027,72001
477,CYM,2028,73122
478,CYM,2029,74242
479,CYM,2030,75362
480,CYP,2021,1199290
481,CYP,2022,1211225
482,CYP,2023,1223160
483,CYP,2024,1235095
484,CYP,2025,1247029
485,CYP,2026,1258964
486,CYP,2027,1270899
487,CYP,2028,1282834
488,CYP,2029,1294768
489,CYP,2030,1306703
490,CZE,2021,10633350
491,CZE,2022,10646499
492,CZE,2023,10659649
493,CZE,2024,10672798
494,CZE,2025,10685947
495,CZE,2026,10699096
496,CZE,2027,10712245
497,CZE,2028,10725394
498,CZE,2029,10738543
499,CZE,2030,10751692
500,DEU,2021,83648539
501,DEU,2022,83778899
502,DEU,2023,83909260
503,DEU,2024,84039621
504,DEU,2025,84169981
505,DEU,2026,84300342
506,DEU,2027,84430702
507,DEU,2028,84561063
508,DEU,2029,84691424
509,DEU,2030,84821784
510,DJI,2021,1036557
511,DJI,2022,1053073
512,DJI,2023,1069588
513,DJI,2024,1086103
514,DJI,2025,1102619
515,DJI,2026,1119134
516,DJI,2027,1135649
517,DJI,2028,1152165
518,DJI,2029,1168680
519,DJI,2030,1185195
520,DMA,2021,72352
521,DMA,2022,72403
522,DMA,2023,72454
523,DMA,2024,72505
524,DMA,2025,72556
525,DMA,2026,72607
526,DMA,2027,72658
527,DMA,2028,72709
528,DMA,2029,72760
529,DMA,2030,72811
530,DNK,2021,5745039
531,DNK,2022,5762151
532,DNK,2023,5779262
533,DNK,2024,5796373
534,DNK,2025,5813484
535,DNK,2026,5830596
536,DNK,2027,5847707
537,DNK,2028,5864818
538,DNK,2029,5881929
539,DNK,2030,5899041
540,DOM,2021,11109682
541,DOM,2022,11238596
542,DOM,2023,11367510
543,DOM,2024,11496424
544,DOM,2025,11625338
545,DOM,2026,11754252
546,DOM,2027,11883166
547,DOM,2028,12012080
548,DOM,2029,12140994
549,DOM,2030,12269908
550,DZA,2021,42611172
551,DZA,2022,43161287
552,DZA,2023,43711402
553,DZA,2024,44261517
554,DZA,2025,44811631
555,DZA,2026,45361746
556,DZA,2027,45911861
557,DZA,2028,46461976
558,DZA,2029,47012091
559,DZA,2030,47562205
560,ECU,2021,17394940
561,ECU,2022,17618240
562,ECU,2023,17841539
563,ECU,2024,18064839
564,ECU,2025,18288138
565,ECU,2026,18511438
566,ECU,2027,18734738
567,ECU,2028,18958037
568,ECU,2029,19181337
569,ECU,2030,19404636
570,EGY,2021,96709584
571,EGY,2022,97956622
572,EGY,2023,99203659
573,EGY,2024,100450697
574,EGY,2025,101697734
575,EGY,2026,102944772
576,EGY,2027,104191809
577,EGY,2028,105438846
578,EGY,2029,106685884
579,EGY,2030,107932921
580,ERI,2021,3386932
581,ERI,2022,3427105
582,ERI,2023,3467278
583,ERI,2024,3507451
584,ERI,2025,3547624
585,ERI,2026,3587796
586,ERI,2027,3627969
587,ERI,2028,3668142
588,ERI,2029,3708315
589,ERI,2030,3748488
590,ESP,2021,48037024
591,ESP,2022,48316635
592,ESP,2023,48596247
593,ESP,2024,48875859
594,ESP,2025,49155470
595,ESP,2026,49435082
596,ESP,2027,49714694
597,ESP,2028,49994305
598,ESP,2029,50273917
599,ESP,2030,50553529
600,EST,2021,1385391
601,EST,2022,1384880
602,EST,2023,1384368
603,EST,2024,1383857
604,EST,2025,1383346
605,EST,2026,1382834
606,EST,2027,1382323
607,EST,2028,1381812
608,EST,2029,1381300
609,EST,2030,1380789
610,ETH,2021,102542170
611,ETH,2022,104073068
612,ETH,2023,105603965
613,ETH,2024,107134863
614,ETH,2025,108665761
615,ETH,2026,110196658
616,ETH,2027,111727556
617,ETH,2028,113258454
618,ETH,2029,114789351
619,ETH,2030,116320249
620,FIN,2021,5562563
621,FIN,2022,5580925
622,FIN,2023,5599287
623,FIN,2024,5617649
624,FIN,2025,5636011
625,FIN,2026,5654373
626,FIN,2027,5672735
627,FIN,2028,5691097
628,FIN,2029,5709459
629,FIN,2030,5727821
630,FJI,2021,957549
631,FJI,2022,965723
632,FJI,2023,973897
633,FJI,2024,982072
634,FJI,2025,990246
635,FJI,2026,998421
636,FJI,2027,1006595
637,FJI,2028,1014769
638,FJI,2029,1022944
639,FJI,2030,1031118
640,FRA,2021,68311888
641,FRA,2022,68639181
642,FRA,2023,68966473
643,FRA,2024,69293765
644,FRA,2025,69621057
645,FRA,2026,69948349
646,FRA,2027,70275641
647,FRA,2028,70602933
648,FRA,2029,70930225
649,FRA,2030,71257517
650,FRO,2021,50996
651,FRO,2022,51211
652,FRO,2023,51426
653,FRO,2024,51640
654,FRO,2025,51855
655,FRO,2026,52070
656,FRO,2027,52285
657,FRO,2028,52499
658,FRO,2029,52714
659,FRO,2030,52929
660,FSM,2021,124351
661,FSM,2022,125544
662,FSM,2023,126738
663,FSM,2024,127931
664,FSM,2025,129124
665,FSM,2026,130317
666,FSM,2027,131511
667,FSM,2028,132704
668,FSM,2029,133897
669,FSM,2030,135091
670,GAB,2021,1921819
671,GAB,2022,1949340
672,GAB,2023,1976861
673,GAB,2024,2004383
674,GAB,2025,2031904
675,GAB,2026,2059425
676,GAB,2027,2086946
677,GAB,2028,2114467
678,GAB,2029,2141989
679,GAB,2030,2169510
680,GBR,2021,64585956
681,GBR,2022,64785831
682,GBR,2023,64985707
683,GBR,2024,65185582
684,GBR,2025,65385457
685,GBR,2026,65585333
686,GBR,2027,65785208
687,GBR,2028,65985083
688,GBR,2029,66184959
689,GBR,2030,66384834
690,GEO,2021,3976751
691,GEO,2022,3969837
692,GEO,2023,3962923
693,GEO,2024,3956009
694,GEO,2025,3949095
695,GEO,2026,3942181
696,GEO,2027,3935267
697,GEO,2028,3928353
698,GEO,2029,3921439
699,GEO,2030,3914525
700,GHA,2021,28734516
701,GHA,2022,29140997
702,GHA,2023,29547478
703,GHA,2024,29953958
704,GHA,2025,30360439
705,GHA,2026,30766920
706,GHA,2027,31173401
707,GHA,2028,31579881
708,GHA,2029,31986362
709,GHA,2030,32392843
710,GIB,2021,34393
711,GIB,2022,34529
712,GIB,2023,34665
713,GIB,2024,34801
714,GIB,2025,34937
715,GIB,2026,35073
716,GIB,2027,35209
717,GIB,2028,35345
718,GIB,2029,35481
719,GIB,2030,35617
720,GIN,2021,11809395
721,GIN,2022,11966635
722,GIN,2023,12123876
723,GIN,2024,12281116
724,GIN,2025,12438356
725,GIN,2026,12595596
726,GIN,2027,12752837
727,GIN,2028,12910077
728,GIN,2029,13067317
729,GIN,2030,13224558
730,GMB,2021,2132233
731,GMB,2022,2166324
732,GMB,2023,2200416
733,GMB,2024,2234507
734,GMB,2025,2268598
735,GMB,2026,2302689
736,GMB,2027,2336780
737,GMB,2028,2370872
738,GMB,2029,2404963
739,GMB,2030,2439054
740,GNB,2021,1739639
741,GNB,2022,1761208
742,GNB,2023,1782777
743,GNB,2024,1804346
744,GNB,2025,1825916
745,GNB,2026,1847485
746,GNB,2027,1869054
747,GNB,2028,1890623
748,GNB,2029,1912192
749,GNB,2030,1933761
750,GNQ,2021,1097736
751,GNQ,2022,1115493
752,GNQ,2023,1133250
753,GNQ,2024,1151008
754,GNQ,2025,1168765
755,GNQ,2026,1186522
756,GNQ,2027,1204279
757,GNQ,2028,1222037
758,GNQ,2029,1239794
759,GNQ,2030,1257551
760,GRC,2021,11549398
761,GRC,2022,11598781
762,GRC,2023,11648164
763,GRC,2024,11697547
764,GRC,2025,11746930
765,GRC,2026,11796313
766,GRC,2027,11845696
767,GRC,2028,11895079
768,GRC,2029,11944462
769,GRC,2030,11993845
770,GRD,2021,110107
771,GRD,2022,110453
772,GRD,2023,110799
773,GRD,2024,111145
774,GRD,2025,111491
775,GRD,2026,111836
776,GRD,2027,112182
777,GRD,2028,112528
778,GRD,2029,112874
779,GRD,2030,113220
780,GRL,2021,61519
781,GRL,2022,61832
782,GRL,2023,62145
783,GRL,2024,62459
784,GRL,2025,62772
785,GRL,2026,63085
786,GRL,2027,63398
787,GRL,2028,63712
788,GRL,2029,64025
789,GRL,2030,64338
790,GTM,2021,16404035
791,GTM,2022,16624245
792,GTM,2023,16844455
793,GTM,2024,17064665
794,GTM,2025,17284875
795,GTM,2026,17505086
796,GTM,2027,17725296
797,GTM,2028,17945506
798,GTM,2029,18165716
799,GTM,2030,18385926
800,GUM,2021,183560
801,GUM,2022,185441
802,GUM,2023,187321
803,GUM,2024,189201
804,GUM,2025,191082
805,GUM,2026,192962
806,GUM,2027,194842
807,GUM,2028,196723
808,GUM,2029,198603
809,GUM,2030,200483
810,GUY,2021,791150
811,GUY,2022,792804
812,GUY,2023,794457
813,GUY,2024,796111
814,GUY,2025,797764
815,GUY,2026,799417
816,GUY,2027,801071
817,GUY,2028,802724
818,GUY,2029,804378
819,GUY,2030,806031
820,HKG,2021,7983779
821,HKG,2022,8059211
822,HKG,2023,8134642
823,HKG,2024,8210073
824,HKG,2025,8285504
825,HKG,2026,8360935
826,HKG,2027,8436366
827,HKG,2028,8511797
828,HKG,2029,8587228
829,HKG,2030,8662659
830,HND,2021,9614185
831,HND,2022,9752207
832,HND,2023,9890229
833,HND,2024,10028252
834,HND,2025,10166274
835,HND,2026,10304297
836,HND,2027,10442319
837,HND,2028,10580342
838,HND,2029,10718364
839,HND,2030,10856387
840,HRV,2021,4318272
841,HRV,2022,4314392
842,HRV,2023,4310513
843,HRV,2024,4306633
844,HRV,2025,4302753
845,HRV,2026,4298873
846,HRV,2027,4294993
847,HRV,2028,4291113
848,HRV,2029,4287233
849,HRV,2030,4283353
850,HTI,2021,11279396
851,HTI,2022,11410523
852,HTI,2023,11541650
853,HTI,2024,11672776
854,HTI,2025,11803903
855,HTI,2026,11935029
856,HTI,2027,12066156
857,HTI,2028,12197283
858,HTI,2029,12328409
859,HTI,2030,12459536
860,HUN,2021,9987804
861,HUN,2022,9978313
862,HUN,2023,9968822
863,HUN,2024,9959330
864,HUN,2025,9949839
865,HUN,2026,9940348
866,HUN,2027,9930857
867,HUN,2028,9921366
868,HUN,2029,9911874
869,HUN,2030,9902383
870,IDN,2021,277507650
871,IDN,2022,280665913
872,IDN,2023,283824177
873,IDN,2024,286982440
874,IDN,2025,290140703
875,IDN,2026,293298967
876,IDN,2027,296457230
877,IDN,2028,299615494
878,IDN,2029,302773757
879,IDN,2030,305932020
880,IMN,2021,89797
881,IMN,2022,90472
882,IMN,2023,91146
883,IMN,2024,91820
884,IMN,2025,92495
885,IMN,2026,93169
886,IMN,2027,93843
887,IMN,2028,94518
888,IMN,2029,95192
889,IMN,2030,95866
890,IND,2021,1400615240
891,IND,2022,1417174480
892,IND,2023,1433733721
893,IND,2024,1450292961
894,IND,2025,1466852201
895,IND,2026,1483411441
896,IND,2027,1499970681
897,IND,2028,1516529921
898,IND,2029,1533089162
899,IND,2030,1549648402
900,IRL,2021,4789709
901,IRL,2022,4825297
902,IRL,2023,4860884
903,IRL,2024,4896472
904,IRL,2025,4932060
905,IRL,2026,4967648
906,IRL,2027,5003236
907,IRL,2028,5038824
908,IRL,2029,5074412
909,IRL,2030,5109999
910,IRN,2021,87185131
911,IRN,2022,88302754
912,IRN,2023,89420377
913,IRN,2024,90538000
914,IRN,2025,91655624
915,IRN,2026,92773247
916,IRN,2027,93890870
917,IRN,2028,95008493
918,IRN,2029,96126116
919,IRN,2030,97243739
920,IRQ,2021,36055045
921,IRQ,2022,36585810
922,IRQ,2023,37116576
923,IRQ,2024,37647342
924,IRQ,2025,38178108
925,IRQ,2026,38708874
926,IRQ,2027,39239639
927,IRQ,2028,39770405
928,IRQ,2029,40301171
929,IRQ,2030,40831937
930,ISL,2021,347632
931,ISL,2022,350500
932,ISL,2023,353369
933,ISL,2024,356237
934,ISL,2025,359105
935,ISL,2026,361973
936,ISL,2027,364841
937,ISL,2028,367709
938,ISL,2029,370577
939,ISL,2030,373445
940,ISR,2021,8824980
941,ISR,2022,8943027
942,ISR,2023,9061074
943,ISR,2024,9179121
944,ISR,2025,9297168
945,ISR,2026,9415215
946,ISR,2027,9533262
947,ISR,2028,9651309
948,ISR,2029,9769356
949,ISR,2030,9887403
950,ITA,2021,60721399
951,ITA,2022,60857691
952,ITA,2023,60993984
953,ITA,2024,61130277
954,ITA,2025,61266569
955,ITA,2026,61402862
956,ITA,2027,61539155
957,ITA,2028,61675447
958,ITA,2029,61811740
959,ITA,2030,61948033
960,JAM,2021,3087540
961,JAM,2022,3110404
962,JAM,2023,3133268
963,JAM,2024,3156132
964,JAM,2025,3178996
965,JAM,2026,3201860
966,JAM,2027,3224724
967,JAM,2028,3247588
968,JAM,2029,3270452
969,JAM,2030,3293316
970,JOR,2021,8907957
971,JOR,2022,9058600
972,JOR,2023,9209244
973,JOR,2024,9359888
974,JOR,2025,9510532
975,JOR,2026,9661176
976,JOR,2027,9811819
977,JOR,2028,9962463
978,JOR,2029,10113107
979,JOR,2030,10263751
980,JPN,2021,135919746
981,JPN,2022,136481255
982,JPN,2023,137042763
983,JPN,2024,137604272
984,JPN,2025,138165780
985,JPN,2026,138727289
986,JPN,2027,139288797
987,JPN,2028,139850306
988,JPN,2029,140411814
989,JPN,2030,140973323
990,KAZ,2021,17924203
991,KAZ,2022,18018047
992,KAZ,2023,18111891
993,KAZ,2024,18205735
994,KAZ,2025,18299579
995,KAZ,2026,18393423
996,KAZ,2027,18487267
997,KAZ,2028,18581111
998,KAZ,2029,18674955
999,KAZ,2030,18768799
1000,KEN,2021,49791711
1001,KEN,2022,50564740
1002,KEN,2023,51337769
1003,KEN,2024,52110799
1004,KEN,2025,52883828
1005,KEN,2026,53656858
1006,KEN,2027,54429887
1007,KEN,2028,55202917
1008,KEN,2029,55975946
1009,KEN,2030,56748975
1010,KGZ,2021,6335664
1011,KGZ,2022,6402284
1012,KGZ,2023,6468903
1013,KGZ,2024,6535522
1014,KGZ,2025,6602142
1015,KGZ,2026,6668761
1016,KGZ,2027,6735380
1017,KGZ,2028,6802000
1018,KGZ,2029,6868619
1019,KGZ,2030,6935238
1020,KHM,2021,16039497
1021,KHM,2022,16233001
1022,KHM,2023,16426505
1023,KHM,2024,16620009
1024,KHM,2025,16813513
1025,KHM,2026,17007017
1026,KHM,2027,17200521
1027,KHM,2028,17394025
1028,KHM,2029,17587529
1029,KHM,2030,17781033
1030,KIR,2021,114578
1031,KIR,2022,115871
1032,KIR,2023,117164
1033,KIR,2024,118457
1034,KIR,2025,119750
1035,KIR,2026,121043
1036,KIR,2027,122336
1037,KIR,2028,123629
1038,KIR,2029,124922
1039,KIR,2030,126215
1040,KNA,2021,47650
1041,KNA,2022,47717
1042,KNA,2023,47784
1043,KNA,2024,47851
1044,KNA,2025,47918
1045,KNA,2026,47984
1046,KNA,2027,48051
1047,KNA,2028,48118
1048,KNA,2029,48185
1049,KNA,2030,48252
1050,KOR,2021,55114454
1051,KOR,2022,55552049
1052,KOR,2023,55989644
1053,KOR,2024,56427239
1054,KOR,2025,56864834
1055,KOR,2026,57302429
1056,KOR,2027,57740024
1057,KOR,2028,58177619
1058,KOR,2029,58615215
1059,KOR,2030,59052810
1060,KWT,2021,3795525
1061,KWT,2022,3856259
1062,KWT,2023,3916993
1063,KWT,2024,3977727
1064,KWT,2025,4038461
1065,KWT,2026,4099195
1066,KWT,2027,4159929
1067,KWT,2028,4220663
1068,KWT,2029,4281397
1069,KWT,2030,4342130
1070,LAO,2021,7173965
1071,LAO,2022,7263633
1072,LAO,2023,7353302
1073,LAO,2024,7442970
1074,LAO,2025,7532639
1075,LAO,2026,7622307
1076,LAO,2027,7711976
1077,LAO,2028,7801644
1078,LAO,2029,7891313
1079,LAO,2030,7980981
1080,LBN,2021,6038718
1081,LBN,2022,6119162
1082,LBN,2023,6199606
1083,LBN,2024,6280050
1084,LBN,2025,6360494
1085,LBN,2026,6440938
1086,LBN,2027,6521382
1087,LBN,2028,6601826
1088,LBN,2029,6682270
1089,LBN,2030,6762714
1090,LBR,2021,4396830
1091,LBR,2022,4458395
1092,LBR,2023,4519959
1093,LBR,2024,4581524
1094,LBR,2025,4643089
1095,LBR,2026,4704654
1096,LBR,2027,4766218
1097,LBR,2028,4827783
1098,LBR,2029,4889348
1099,LBR,2030,4950913
1100,LBY,2021,7256115
1101,LBY,2022,7353183
1102,LBY,2023,7450251
1103,LBY,2024,7547319
1104,LBY,2025,7644387
1105,LBY,2026,7741455
1106,LBY,2027,7838523
1107,LBY,2028,7935591
1108,LBY,2029,8032659
1109,LBY,2030,8129728
1110,LCA,2021,189968
1111,LCA,2022,191667
1112,LCA,2023,193366
1113,LCA,2024,195065
1114,LCA,2025,196764
1115,LCA,2026,198463
1116,LCA,2027,200163
1117,LCA,2028,201862
1118,LCA,2029,203561
1119,LCA,2030,205260
1120,LIE,2021,40213
1121,LIE,2022,40582
1122,LIE,2023,40951
1123,LIE,2024,41319
1124,LIE,2025,41688
1125,LIE,2026,42057
1126,LIE,2027,42426
1127,LIE,2028,42794
1128,LIE,2029,43163
1129,LIE,2030,43532
1130,LKA,2021,22726150
1131,LKA,2022,22921830
1132,LKA,2023,23117511
1133,LKA,2024,23313191
1134,LKA,2025,23508872
1135,LKA,2026,23704552
1136,LKA,2027,23900232
1137,LKA,2028,24095913
1138,LKA,2029,24291593
1139,LKA,2030,24487273
1140,LSO,2021,2353462
1141,LSO,2022,2377755
1142,LSO,2023,2402048
1143,LSO,2024,2426341
1144,LSO,2025,2450634
1145,LSO,2026,2474927
1146,LSO,2027,2499220
1147,LSO,2028,2523513
1148,LSO,2029,2547806
1149,LSO,2030,2572099
1150,LTU,2021,3255355
1151,LTU,2022,3254271
1152,LTU,2023,3253187
1153,LTU,2024,3252103
1154,LTU,2025,3251019
1155,LTU,2026,3249934
1156,LTU,2027,3248850
1157,LTU,2028,3247766
1158,LTU,2029,3246682
1159,LTU,2030,3245598
1160,LUX,2021,558117
1161,LUX,2022,562730
1162,LUX,2023,567343
1163,LUX,2024,571956
1164,LUX,2025,576569
1165,LUX,2026,581182
1166,LUX,2027,585795
1167,LUX,2028,590408
1168,LUX,2029,595021
1169,LUX,2030,599634
1170,LVA,2021,2150318
1171,LVA,2022,2144037
1172,LVA,2023,2137756
1173,LVA,2024,2131475
1174,LVA,2025,2125194
1175,LVA,2026,2118912
1176,LVA,2027,2112631
1177,LVA,2028,2106350
1178,LVA,2029,2100069
1179,LVA,2030,2093787
1180,MAC,2021,613348
1181,MAC,2022,621384
1182,MAC,2023,629420
1183,MAC,2024,637455
1184,MAC,2025,645491
1185,MAC,2026,653526
1186,MAC,2027,661562
1187,MAC,2028,669598
1188,MAC,2029,677633
1189,MAC,2030,685669
1190,MAF,2021,43375
1191,MAF,2022,44103
1192,MAF,2023,44832
1193,MAF,2024,45561
1194,MAF,2025,46289
1195,MAF,2026,47018
1196,MAF,2027,47747
1197,MAF,2028,48476
1198,MAF,2029,49204
1199,MAF,2030,49933
1200,MAR,2021,37235077
1201,MAR,2022,37647868
1202,MAR,2023,38060658
1203,MAR,2024,38473449
1204,MAR,2025,38886239
1205,MAR,2026,39299030
1206,MAR,2027,39711821
1207,MAR,2028,40124611
1208,MAR,2029,40537402
1209,MAR,2030,40950192
1210,MCO,2021,38746
1211,MCO,2022,39033
1212,MCO,2023,39321
1213,MCO,2024,39608
1214,MCO,2025,39896
1215,MCO,2026,40184
1216,MCO,2027,40471
1217,MCO,2028,40759
1218,MCO,2029,41046
1219,MCO,2030,41334
1220,MDA,2021,3035230
1221,MDA,2022,3044978
1222,MDA,2023,3054725
1223,MDA,2024,3064473
1224,MDA,2025,3074221
1225,MDA,2026,3083969
1226,MDA,2027,3093717
1227,MDA,2028,3103464
1228,MDA,2029,3113212
1229,MDA,2030,3122960
1230,MDG,2021,24718671
1231,MDG,2022,25089591
1232,MDG,2023,25460511
1233,MDG,2024,25831431
1234,MDG,2025,26202351
1235,MDG,2026,26573271
1236,MDG,2027,26944191
1237,MDG,2028,27315111
1238,MDG,2029,27686031
1239,MDG,2030,28056951
1240,MDV,2021,455540
1241,MDV,2022,462439
1242,MDV,2023,469338
1243,MDV,2024,476236
1244,MDV,2025,483135
1245,MDV,2026,490034
1246,MDV,2027,496933
1247,MDV,2028,503832
1248,MDV,2029,510730
1249,MDV,2030,517629
1250,MEX,2021,131250942
1251,MEX,2022,132800044
1252,MEX,2023,134349147
1253,MEX,2024,135898250
1254,MEX,2025,137447352
1255,MEX,2026,138996455
1256,MEX,2027,140545558
1257,MEX,2028,142094661
1258,MEX,2029,143643763
1259,MEX,2030,145192866
1260,MHL,2021,66873
1261,MHL,2022,67721
1262,MHL,2023,68570
1263,MHL,2024,69418
1264,MHL,2025,70266
1265,MHL,2026,71115
1266,MHL,2027,71963
1267,MHL,2028,72811
1268,MHL,2029,73660
1269,MHL,2030,74508
1270,MKD,2021,2198702
1271,MKD,2022,2207498
1272,MKD,2023,2216295
1273,MKD,2024,2225091
1274,MKD,2025,2233888
1275,MKD,2026,2242685
1276,MKD,2027,2251481
1277,MKD,2028,2260278
1278,MKD,2029,2269074
1279,MKD,2030,2277871
1280,MLI,2021,17181416
1281,MLI,2022,17415439
1282,MLI,2023,17649462
1283,MLI,2024,17883484
1284,MLI,2025,18117507
1285,MLI,2026,18351529
1286,MLI,2027,18585552
1287,MLI,2028,18819574
1288,MLI,2029,19053597
1289,MLI,2030,19287619
1290,MLT,2021,457058
1291,MLT,2022,460039
1292,MLT,2023,463020
1293,MLT,2024,466002
1294,MLT,2025,468983
1295,MLT,2026,471965
1296,MLT,2027,474946
1297,MLT,2028,477927
1298,MLT,2029,480909
1299,MLT,2030,483890
1300,MMR,2021,57552708
1301,MMR,2022,58126182
1302,MMR,2023,58699656
1303,MMR,2024,59273131
1304,MMR,2025,59846605
1305,MMR,2026,60420079
1306,MMR,2027,60993554
1307,MMR,2028,61567028
1308,MMR,2029,62140502
1309,MMR,2030,62713977
1310,MNE,2021,650699
1311,MNE,2022,652838
1312,MNE,2023,654976
1313,MNE,2024,657114
1314,MNE,2025,659252
1315,MNE,2026,661391
1316,MNE,2027,663529
1317,MNE,2028,665667
1318,MNE,2029,667805
1319,MNE,2030,669943
1320,MNG,2021,3210708
1321,MNG,2022,3247830
1322,MNG,2023,3284953
1323,MNG,2024,3322075
1324,MNG,2025,3359198
1325,MNG,2026,3396320
1326,MNG,2027,3433443
1327,MNG,2028,3470565
1328,MNG,2029,3507688
1329,MNG,2030,3544810
1330,MNP,2021,68434
1331,MNP,2022,69478
1332,MNP,2023,70522
1333,MNP,2024,71566
1334,MNP,2025,72609
1335,MNP,2026,73653
1336,MNP,2027,74697
1337,MNP,2028,75741
1338,MNP,2029,76785
1339,MNP,2030,77829
1340,MOZ,2021,27213153
1341,MOZ,2022,27587452
1342,MOZ,2023,27961751
1343,MOZ,2024,28336050
1344,MOZ,2025,28710349
1345,MOZ,2026,29084648
1346,MOZ,2027,29458946
1347,MOZ,2028,29833245
1348,MOZ,2029,30207544
1349,MOZ,2030,30581843
1350,MRT,2021,4121711
1351,MRT,2022,4182267
1352,MRT,2023,4242823
1353,MRT,2024,4303379
1354,MRT,2025,4363935
1355,MRT,2026,4424491
1356,MRT,2027,4485047
1357,MRT,2028,4545603
1358,MRT,2029,4606159
1359,MRT,2030,4666715
1360,MUS,2021,1366856
1361,MUS,2022,1377187
1362,MUS,2023,1387517
1363,MUS,2024,1397848
1364,MUS,2025,1408179
1365,MUS,2026,1418510
1366,MUS,2027,1428840
1367,MUS,2028,1439171
1368,MUS,2029,1449502
1369,MUS,2030,1459833
1370,MWI,2021,17215440
1371,MWI,2022,17467783
1372,MWI,2023,17720125
1373,MWI,2024,17972468
1374,MWI,2025,18224811
1375,MWI,2026,18477153
1376,MWI,2027,18729496
1377,MWI,2028,18981839
1378,MWI,2029,19234181
1379,MWI,2030,19486524
1380,MYS,2021,32206479
1381,MYS,2022,32634301
1382,MYS,2023,33062123
1383,MYS,2024,33489945
1384,MYS,2025,33917767
1385,MYS,2026,34345590
1386,MYS,2027,34773412
1387,MYS,2028,35201234
1388,MYS,2029,35629056
1389,MYS,2030,36056878
1390,NAM,2021,2475210
1391,NAM,2022,2508063
1392,NAM,2023,2540917
1393,NAM,2024,2573771
1394,NAM,2025,2606625
1395,NAM,2026,2639478
1396,NAM,2027,2672332
1397,NAM,2028,2705186
1398,NAM,2029,2738039
1399,NAM,2030,2770893
1400,NCL,2021,284620
1401,NCL,2022,288081
1402,NCL,2023,291543
1403,NCL,2024,295004
1404,NCL,2025,298466
1405,NCL,2026,301928
1406,NCL,2027,305389
1407,NCL,2028,308851
1408,NCL,2029,312312
1409,NCL,2030,315774
1410,NER,2021,19680142
1411,NER,2022,19997397
1412,NER,2023,20314652
1413,NER,2024,20631907
1414,NER,2025,20949162
1415,NER,2026,21266417
1416,NER,2027,21583672
1417,NER,2028,21900927
1418,NER,2029,22218182
1419,NER,2030,22535437
1420,NGA,2021,185342311
1421,NGA,2022,187960904
1422,NGA,2023,190579497
1423,NGA,2024,193198090
1424,NGA,2025,195816683
1425,NGA,2026,198435275
1426,NGA,2027,201053868
1427,NGA,2028,203672461
1428,NGA,2029,206291054
1429,NGA,2030,208909647
1430,NIC,2021,6768969
1431,NIC,2022,6853297
1432,NIC,2023,6937626
1433,NIC,2024,7021954
1434,NIC,2025,7106282
1435,NIC,2026,7190610
1436,NIC,2027,7274938
1437,NIC,2028,7359266
1438,NIC,2029,7443594
1439,NIC,2030,7527922
1440,NLD,2021,17737609
1441,NLD,2022,17830171
1442,NLD,2023,17922733
1443,NLD,2024,18015295
1444,NLD,2025,18107857
1445,NLD,2026,18200419
1446,NLD,2027,18292982
1447,NLD,2028,18385544
1448,NLD,2029,18478106
1449,NLD,2030,18570668
1450,NOR,2021,5174974
1451,NOR,2022,5201938
1452,NOR,2023,5228902
1453,NOR,2024,5255867
1454,NOR,2025,5282831
1455,NOR,2026,5309795
1456,NOR,2027,5336759
1457,NOR,2028,5363723
1458,NOR,2029,5390687
1459,NOR,2030,5417651
1460,NPL,2021,30287481
1461,NPL,2022,30641208
1462,NPL,2023,30994935
1463,NPL,2024,31348662
1464,NPL,2025,31702389
1465,NPL,2026,32056116
1466,NPL,2027,32409843
1467,NPL,2028,32763570
1468,NPL,2029,33117297
1469,NPL,2030,33471024
1470,NRU,2021,11673
1471,NRU,2022,11769
1472,NRU,2023,11865
1473,NRU,2024,11961
1474,NRU,2025,12057
1475,NRU,2026,12153
1476,NRU,2027,12249
1477,NRU,2028,12345
1478,NRU,2029,12441
1479,NRU,2030,12537
1480,NZL,2021,4794424
1481,NZL,2022,4834785
1482,NZL,2023,4875146
1483,NZL,2024,4915507
1484,NZL,2025,4955868
1485,NZL,2026,4996229
1486,NZL,2027,5036589
1487,NZL,2028,5076950
1488,NZL,2029,5117311
1489,NZL,2030,5157672
1490,OMN,2021,4068794
1491,OMN,2022,4136507
1492,OMN,2023,4204219
1493,OMN,2024,4271931
1494,OMN,2025,4339643
1495,OMN,2026,4407355
1496,OMN,2027,4475067
1497,OMN,2028,4542780
1498,OMN,2029,4610492
1499,OMN,2030,4678204
1500,PAK,2021,209537463
1501,PAK,2022,212570622
1502,PAK,2023,215603781
1503,PAK,2024,218636940
1504,PAK,2025,221670099
1505,PAK,2026,224703258
1506,PAK,2027,227736417
1507,PAK,2028,230769576
1508,PAK,2029,233802735
1509,PAK,2030,236835894
1510,PAN,2021,4202501
1511,PAN,2022,4255729
1512,PAN,2023,4308956
1513,PAN,2024,4362184
1514,PAN,2025,4415411
1515,PAN,2026,4468638
1516,PAN,2027,4521866
1517,PAN,2028,4575093
1518,PAN,2029,4628320
1519,PAN,2030,4681548
1520,PER,2021,33752830
1521,PER,2022,34143107
1522,PER,2023,34533384
1523,PER,2024,34923661
1524,PER,2025,35313938
1525,PER,2026,35704215
1526,PER,2027,36094491
1527,PER,2028,36484768
1528,PER,2029,36875045
1529,PER,2030,37265322
1530,PHL,2021,108843959
1531,PHL,2022,110290659
1532,PHL,2023,111737360
1533,PHL,2024,113184060
1534,PHL,2025,114630760
1535,PHL,2026,116077460
1536,PHL,2027,117524160
1537,PHL,2028,118970860
1538,PHL,2029,120417560
1539,PHL,2030,121864261
1540,PLW,2021,20381
1541,PLW,2022,20550
1542,PLW,2023,20718
1543,PLW,2024,20887
1544,PLW,2025,21056
1545,PLW,2026,21224
1546,PLW,2027,21393
1547,PLW,2028,21562
1548,PLW,2029,21730
1549,PLW,2030,21899
1550,PNG,2021,8426268
1551,PNG,2022,8539463
1552,PNG,2023,8652658
1553,PNG,2024,8765853
1554,PNG,2025,8879048
1555,PNG,2026,8992243
1556,PNG,2027,9105438
1557,PNG,2028,9218633
1558,PNG,2029,9331828
1559,PNG,2030,9445023
1560,POL,2021,40344901
1561,POL,2022,40476657
1562,POL,2023,40608414
1563,POL,2024,40740170
1564,POL,2025,40871927
1565,POL,2026,41003684
1566,POL,2027,41135440
1567,POL,2028,41267197
1568,POL,2029,41398954
1569,POL,2030,41530710
1570,PRI,2021,3930958
1571,PRI,2022,3950764
1572,PRI,2023,3970569
1573,PRI,2024,3990375
1574,PRI,2025,4010181
1575,PRI,2026,4029986
1576,PRI,2027,4049792
1577,PRI,2028,4069598
1578,PRI,2029,4089404
1579,PRI,2030,4109209
1580,PRT,2021,10849443
1581,PRT,2022,10881866
1582,PRT,2023,10914289
1583,PRT,2024,10946712
1584,PRT,2025,10979135
1585,PRT,2026,11011559
1586,PRT,2027,11043982
1587,PRT,2028,11076405
1588,PRT,2029,11108828
1589,PRT,2030,11141251
1590,PRY,2021,7214522
1591,PRY,2022,7308011
1592,PRY,2023,7401500
1593,PRY,2024,7494989
1594,PRY,2025,7588478
1595,PRY,2026,7681966
1596,PRY,2027,7775455
1597,PRY,2028,7868944
1598,PRY,2029,7962433
1599,PRY,2030,8055922
1600,PSE,2021,4817104
1601,PSE,2022,4908233
1602,PSE,2023,4999362
1603,PSE,2024,5090491
1604,PSE,2025,5181620
1605,PSE,2026,5272749
1606,PSE,2027,5363878
1607,PSE,2028,5455007
1608,PSE,2029,5546136
1609,PSE,2030,5637265
1610,PYF,2021,308139
1611,PYF,2022,311881
1612,PYF,2023,315624
1613,PYF,2024,319366
1614,PYF,2025,323109
1615,PYF,2026,326851
1616,PYF,2027,330594
1617,PYF,2028,334336
1618,PYF,2029,338079
1619,PYF,2030,341821
1620,QAT,2021,2077333
1621,QAT,2022,2120084
1622,QAT,2023,2162835
1623,QAT,2024,2205586
1624,QAT,2025,2248337
1625,QAT,2026,2291088
1626,QAT,2027,2333839
1627,QAT,2028,2376590
1628,QAT,2029,2419341
1629,QAT,2030,2462092
1630,ROU,2021,21388240
1631,ROU,2022,21393189
1632,ROU,2023,21398138
1633,ROU,2024,21403087
1634,ROU,2025,21408035
1635,ROU,2026,21412984
1636,ROU,2027,21417933
1637,ROU,2028,21422882
1638,ROU,2029,21427831
1639,ROU,2030,21432780
1640,RUS,2021,150794912
1641,RUS,2022,151134867
1642,RUS,2023,151474821
1643,RUS,2024,151814776
1644,RUS,2025,152154731
1645,RUS,2026,152494686
1646,RUS,2027,152834640
1647,RUS,2028,153174595
1648,RUS,2029,153514550
1649,RUS,2030,153854505
1650,RWA,2021,11702578
1651,RWA,2022,11859726
1652,RWA,2023,12016875
1653,RWA,2024,12174023
1654,RWA,2025,12331172
1655,RWA,2026,12488320
1656,RWA,2027,12645469
1657,RWA,2028,12802617
1658,RWA,2029,12959766
1659,RWA,2030,13116914
1660,SAU,2021,33150025
1661,SAU,2022,33687322
1662,SAU,2023,34224620
1663,SAU,2024,34761918
1664,SAU,2025,35299216
1665,SAU,2026,35836514
1666,SAU,2027,36373812
1667,SAU,2028,36911110
1668,SAU,2029,37448408
1669,SAU,2030,37985706
1670,SDN,2021,41008840
1671,SDN,2022,41623969
1672,SDN,2023,42239098
1673,SDN,2024,42854228
1674,SDN,2025,43469357
1675,SDN,2026,44084486
1676,SDN,2027,44699616
1677,SDN,2028,45314745
1678,SDN,2029,45929874
1679,SDN,2030,46545004
1680,SEN,2021,14985853
1681,SEN,2022,15203970
1682,SEN,2023,15422086
1683,SEN,2024,15640202
1684,SEN,2025,15858319
1685,SEN,2026,16076435
1686,SEN,2027,16294552
1687,SEN,2028,16512668
1688,SEN,2029,16730784
1689,SEN,2030,16948901
1690,SGP,2021,5617617
1691,SGP,2022,5690069
1692,SGP,2023,5762521
1693,SGP,2024,5834974
1694,SGP,2025,5907426
1695,SGP,2026,5979879
1696,SGP,2027,6052331
1697,SGP,2028,6124783
1698,SGP,2029,6197236
1699,SGP,2030,6269688
1700,SLB,2021,629114
1701,SLB,2022,638490
1702,SLB,2023,647865
1703,SLB,2024,657240
1704,SLB,2025,666615
1705,SLB,2026,675991
1706,SLB,2027,685366
1707,SLB,2028,694741
1708,SLB,2029,704117
1709,SLB,2030,713492
1710,SLE,2021,7204633
1711,SLE,2022,7294983
1712,SLE,2023,7385334
1713,SLE,2024,7475685
1714,SLE,2025,7566035
1715,SLE,2026,7656386
1716,SLE,2027,7746737
1717,SLE,2028,7837087
1718,SLE,2029,7927438
1719,SLE,2030,8017789
1720,SLV,2021,6988861
1721,SLV,2022,7051203
1722,SLV,2023,7113546
1723,SLV,2024,7175888
1724,SLV,2025,7238231
1725,SLV,2026,7300574
1726,SLV,2027,7362916
1727,SLV,2028,7425259
1728,SLV,2029,7487602
1729,SLV,2030,7549944
1730,SMR,2021,34306
1731,SMR,2022,34614
1732,SMR,2023,34923
1733,SMR,2024,35232
1734,SMR,2025,35540
1735,SMR,2026,35849
1736,SMR,2027,36158
1737,SMR,2028,36467
1738,SMR,2029,36775
1739,SMR,2030,37084
1740,SOM,2021,14217841
1741,SOM,2022,14427190
1742,SOM,2023,14636540
1743,SOM,2024,14845890
1744,SOM,2025,15055239
1745,SOM,2026,15264589
1746,SOM,2027,15473938
1747,SOM,2028,15683288
1748,SOM,2029,15892637
1749,SOM,2030,16101987
1750,SRB,2021,7461821
1751,SRB,2022,7467718
1752,SRB,2023,7473615
1753,SRB,2024,7479512
1754,SRB,2025,7485408
1755,SRB,2026,7491305
1756,SRB,2027,7497202
1757,SRB,2028,7503098
1758,SRB,2029,7508995
1759,SRB,2030,7514892
1760,SSD,2021,10267617
1761,SSD,2022,10406299
1762,SSD,2023,10544980
1763,SSD,2024,10683662
1764,SSD,2025,10822343
1765,SSD,2026,10961025
1766,SSD,2027,11099707
1767,SSD,2028,11238388
1768,SSD,2029,11377070
1769,SSD,2030,11515752
1770,STP,2021,205452
1771,STP,2022,208075
1772,STP,2023,210699
1773,STP,2024,213322
1774,STP,2025,215945
1775,STP,2026,218568
1776,STP,2027,221192
1777,STP,2028,223815
1778,STP,2029,226438
1779,STP,2030,229061
1780,SUR,2021,571036
1781,SUR,2022,575712
1782,SUR,2023,580389
1783,SUR,2024,585065
1784,SUR,2025,589741
1785,SUR,2026,594417
1786,SUR,2027,599094
1787,SUR,2028,603770
1788,SUR,2029,608446
1789,SUR,2030,613123
1790,SVK,2021,5724641
1791,SVK,2022,5745445
1792,SVK,2023,5766249
1793,SVK,2024,5787053
1794,SVK,2025,5807857
1795,SVK,2026,5828661
1796,SVK,2027,5849465
1797,SVK,2028,5870269
1798,SVK,2029,5891073
1799,SVK,2030,5911877
1800,SVN,2021,2151873
1801,SVN,2022,2159489
1802,SVN,2023,2167106
1803,SVN,2024,2174722
1804,SVN,2025,2182338
1805,SVN,2026,2189954
1806,SVN,2027,2197570
1807,SVN,2028,2205186
1808,SVN,2029,2212802
1809,SVN,2030,2220418
1810,SWE,2021,9873628
1811,SWE,2022,9912809
1812,SWE,2023,9951991
1813,SWE,2024,9991173
1814,SWE,2025,10030355
1815,SWE,2026,10069537
1816,SWE,2027,10108718
1817,SWE,2028,10147900
1818,SWE,2029,10187082
1819,SWE,2030,10226264
1820,SWZ,2021,1256906
1821,SWZ,2022,1272455
1822,SWZ,2023,1288004
1823,SWZ,2024,1303552
1824,SWZ,2025,1319101
1825,SWZ,2026,1334650
1826,SWZ,2027,1350199
1827,SWZ,2028,1365748
1828,SWZ,2029,1381297
1829,SWZ,2030,1396846
1830,SXM,2021,44333
1831,SXM,2022,45035
1832,SXM,2023,45737
1833,SXM,2024,46440
1834,SXM,2025,47142
1835,SXM,2026,47844
1836,SXM,2027,48546
1837,SXM,2028,49249
1838,SXM,2029,49951
1839,SXM,2030,50653
1840,SYC,2021,98605
1841,SYC,2022,99501
1842,SYC,2023,100397
1843,SYC,2024,101293
1844,SYC,2025,102189
1845,SYC,2026,103085
1846,SYC,2027,103980
1847,SYC,2028,104876
1848,SYC,2029,105772
1849,SYC,2030,106668
1850,SYR,2021,21543981
1851,SYR,2022,21834836
1852,SYR,2023,22125691
1853,SYR,2024,22416545
1854,SYR,2025,22707400
1855,SYR,2026,22998255
1856,SYR,2027,23289109
1857,SYR,2028,23579964
1858,SYR,2029,23870819
1859,SYR,2030,24161674
1860,TCA,2021,36263
1861,TCA,2022,36892
1862,TCA,2023,37521
1863,TCA,2024,38149
1864,TCA,2025,38778
1865,TCA,2026,39407
1866,TCA,2027,40036
1867,TCA,2028,40664
1868,TCA,2029,41293
1869,TCA,2030,41922
1870,TCD,2021,13920367
1871,TCD,2022,14135490
1872,TCD,2023,14350614
1873,TCD,2024,14565737
1874,TCD,2025,14780860
1875,TCD,2026,14995983
1876,TCD,2027,15211106
1877,TCD,2028,15426230
1878,TCD,2029,15641353
1879,TCD,2030,15856476
1880,TGO,2021,7539474
1881,TGO,2022,7650533
1882,TGO,2023,7761593
1883,TGO,2024,7872652
1884,TGO,2025,7983711
1885,TGO,2026,8094771
1886,TGO,2027,8205830
1887,TGO,2028,8316889
1888,TGO,2029,8427949
1889,TGO,2030,8539008
1890,THA,2021,76256747
1891,THA,2022,76993692
1892,THA,2023,77730636
1893,THA,2024,78467581
1894,THA,2025,79204525
1895,THA,2026,79941470
1896,THA,2027,80678414
1897,THA,2028,81415359
1898,THA,2029,82152303
1899,THA,2030,82889248
1900,TJK,2021,8935811
1901,TJK,2022,9054842
1902,TJK,2023,9173872
1903,TJK,2024,9292903
1904,TJK,2025,9411934
1905,TJK,2026,9530964
1906,TJK,2027,9649995
1907,TJK,2028,9769026
1908,TJK,2029,9888056
1909,TJK,2030,10007087
1910,TKM,2021,6000365
1911,TKM,2022,6074804
1912,TKM,2023,6149244
1913,TKM,2024,6223684
1914,TKM,2025,6298124
1915,TKM,2026,6372564
1916,TKM,2027,6447003
1917,TKM,2028,6521443
1918,TKM,2029,6595883
1919,TKM,2030,6670323
1920,TLS,2021,1220507
1921,TLS,2022,1234194
1922,TLS,2023,1247881
1923,TLS,2024,1261569
1924,TLS,2025,1275256
1925,TLS,2026,1288944
1926,TLS,2027,1302631
1927,TLS,2028,1316318
1928,TLS,2029,1330006
1929,TLS,2030,1343693
1930,TON,2021,109023
1931,TON,2022,109540
1932,TON,2023,110057
1933,TON,2024,110575
1934,TON,2025,111092
1935,TON,2026,111610
1936,TON,2027,112127
1937,TON,2028,112645
1938,TON,2029,113162
1939,TON,2030,113680
1940,TTO,2021,1452717
1941,TTO,2022,1461912
1942,TTO,2023,1471107
1943,TTO,2024,1480301
1944,TTO,2025,1489496
1945,TTO,2026,1498691
1946,TTO,2027,1507885
1947,TTO,2028,1517080
1948,TTO,2029,1526275
1949,TTO,2030,1535469
1950,TUN,2021,12265514
1951,TUN,2022,12403242
1952,TUN,2023,12540970
1953,TUN,2024,12678698
1954,TUN,2025,12816426
1955,TUN,2026,12954154
1956,TUN,2027,13091882
1957,TUN,2028,13229610
1958,TUN,2029,13367338
1959,TUN,2030,13505066
1960,TUR,2021,83520247
1961,TUR,2022,84471462
1962,TUR,2023,85422678
1963,TUR,2024,86373893
1964,TUR,2025,87325108
1965,TUR,2026,88276324
1966,TUR,2027,89227539
1967,TUR,2028,90178754
1968,TUR,2029,91129970
1969,TUR,2030,92081185
1970,TUV,2021,11944
1971,TUV,2022,12057
1972,TUV,2023,12171
1973,TUV,2024,12285
1974,TUV,2025,12398
1975,TUV,2026,12512
1976,TUV,2027,12625
1977,TUV,2028,12739
1978,TUV,2029,12852
1979,TUV,2030,12966
1980,TZA,2021,52767436
1981,TZA,2022,53564615
1982,TZA,2023,54361795
1983,TZA,2024,55158975
1984,TZA,2025,55956154
1985,TZA,2026,56753334
1986,TZA,2027,57550513
1987,TZA,2028,58347693
1988,TZA,2029,59144873
1989,TZA,2030,59942052
1990,UGA,2021,38786080
1991,UGA,2022,39393858
1992,UGA,2023,40001636
1993,UGA,2024,40609414
1994,UGA,2025,41217192
1995,UGA,2026,41824970
1996,UGA,2027,42432748
1997,UGA,2028,43040526
1998,UGA,2029,43648305
1999,UGA,2030,44256083
2000,UKR,2021,47601061
2001,UKR,2022,47583557
2002,UKR,2023,47566053
2003,UKR,2024,47548548
2004,UKR,2025,47531044
2005,UKR,2026,47513540
2006,UKR,2027,47496036
2007,UKR,2028,47478531
2008,UKR,2029,47461027
2009,UKR,2030,47443523
2010,URY,2021,3553519
2011,URY,2022,3568556
2012,URY,2023,3583593
2013,URY,2024,3598629
2014,URY,2025,3613666
2015,URY,2026,3628703
2016,URY,2027,3643740
2017,URY,2028,3658777
2018,URY,2029,3673814
2019,URY,2030,3688851
2020,USA,2021,334586620
2021,USA,2022,337158965
2022,USA,2023,339731311
2023,USA,2024,342303656
2024,USA,2025,344876001
2025,USA,2026,347448347
2026,USA,2027,350020692
2027,USA,2028,352593037
2028,USA,2029,355165383
2029,USA,2030,357737728
2030,UZB,2021,33536734
2031,UZB,2022,33959719
2032,UZB,2023,34382703
2033,UZB,2024,34805688
2034,UZB,2025,35228673
2035,UZB,2026,35651657
2036,UZB,2027,36074642
2037,UZB,2028,36497627
2038,UZB,2029,36920611
2039,UZB,2030,37343596
2040,VCT,2021,115927
2041,VCT,2022,116372
2042,VCT,2023,116817
2043,VCT,2024,117262
2044,VCT,2025,117707
2045,VCT,2026,118152
2046,VCT,2027,118598
2047,VCT,2028,119043
2048,VCT,2029,119488
2049,VCT,2030,119933
2050,VEN,2021,32069405
2051,VEN,2022,32470965
2052,VEN,2023,32872525
2053,VEN,2024,33274085
2054,VEN,2025,33675645
2055,VEN,2026,34077205
2056,VEN,2027,34478765
2057,VEN,2028,34880325
2058,VEN,2029,35281885
2059,VEN,2030,35683445
2060,VGB,2021,30306
2061,VGB,2022,30721
2062,VGB,2023,31135
2063,VGB,2024,31550
2064,VGB,2025,31964
2065,VGB,2026,32379
2066,VGB,2027,32793
2067,VGB,2028,33208
2068,VGB,2029,33622
2069,VGB,2030,34037
2070,VIR,2021,126411
2071,VIR,2022,127483
2072,VIR,2023,128555
2073,VIR,2024,129626
2074,VIR,2025,130698
2075,VIR,2026,131770
2076,VIR,2027,132842
2077,VIR,2028,133913
2078,VIR,2029,134985
2079,VIR,2030,136057
2080,VNM,2021,101188586
2081,VNM,2022,102308723
2082,VNM,2023,103428860
2083,VNM,2024,104548997
2084,VNM,2025,105669134
2085,VNM,2026,106789271
2086,VNM,2027,107909408
2087,VNM,2028,109029545
2088,VNM,2029,110149682
2089,VNM,2030,111269819
2090,VUT,2021,278894
2091,VUT,2022,282786
2092,VUT,2023,286678
2093,VUT,2024,290570
2094,VUT,2025,294462
2095,VUT,2026,298354
2096,VUT,2027,302246
2097,VUT,2028,306138
2098,VUT,2029,310030
2099,VUT,2030,313922
2100,WSM,2021,201081
2101,WSM,2022,202301
2102,WSM,2023,203520
2103,WSM,2024,204740
2104,WSM,2025,205959
2105,WSM,2026,207179
2106,WSM,2027,208398
2107,WSM,2028,209617
2108,WSM,2029,210837
2109,WSM,2030,212056
2110,XKX,2021,2029428
2111,XKX,2022,2043104
2112,XKX,2023,2056780
2113,XKX,2024,2070456
2114,XKX,2025,2084132
2115,XKX,2026,2097808
2116,XKX,2027,2111484
2117,XKX,2028,2125160
2118,XKX,2029,2138836
2119,XKX,2030,2152512
2120,YEM,2021,27155946
2121,YEM,2022,27585346
2122,YEM,2023,28014745
2123,YEM,2024,28444145
2124,YEM,2025,28873544
2125,YEM,2026,29302944
2126,YEM,2027,29732344
2127,YEM,2028,30161743
2128,YEM,2029,30591143
2129,YEM,2030,31020543
2130,ZAF,2021,59671425
2131,ZAF,2022,60404719
2132,ZAF,2023,61138013
2133,ZAF,2024,61871307
2134,ZAF,2025,62604601
2135,ZAF,2026,63337895
2136,ZAF,2027,64071189
2137,ZAF,2028,64804483
2138,ZAF,2029,65537776
2139,ZAF,2030,66271070
2140,ZMB,2021,16293698
2141,ZMB,2022,16538207
2142,ZMB,2023,16782715
2143,ZMB,2024,17027224
2144,ZMB,2025,17271732
2145,ZMB,2026,17516241
2146,ZMB,2027,17760749
2147,ZMB,2028,18005257
2148,ZMB,2029,18249766
2149,ZMB,2030,18494274
2150,ZWE,2021,15379048
2151,ZWE,2022,15568525
2152,ZWE,2023,15758003
2153,ZWE,2024,15947480
2154,ZWE,2025,16136958
2155,ZWE,2026,16326436
2156,ZWE,2027,16515913
2157,ZWE,2028,16705391
2158,ZWE,2029,16894868
2159,ZWE,2030,17084346
